image: my_map.pgm
resolution: 0.005000
origin: [-11.080000, -11.880000, 0.000000]
negate: 0
occupied_thresh: 0.65
free_thresh: 0.196

